0	227381	989
1	316026	569
2	238125	439
3	214630	405
4	306579	403
5	238492	356
6	238020	315
7	307490	228
8	306908	207
9	206637	200
10	238121	194
11	306543	181
12	316449	166
13	238011	157
14	214653	150
15	316378	144
16	306538	141
17	189968	121
18	306997	119
19	254352	110
20	227223	104
21	223533	101
22	175997	95
23	175994	94
24	306513	90
25	316185	87
26	214542	87
27	238036	86
28	306695	86
29	225201	80
30	238001	80
31	316418	74
32	197710	73
33	214652	72
34	278578	71
35	238103	71
36	238006	69
37	197470	69
38	214495	69
39	278556	68
40	237996	68
41	238058	68
42	214614	66
43	319273	66
44	315592	66
45	311943	63
46	214570	61
47	315987	61
48	239074	61
49	197674	60
50	214619	59
51	214604	59
52	238684	59
53	311536	58
54	214550	58
55	238060	58
56	214559	57
57	238091	56
58	317114	56
59	197662	55
60	202224	55
61	307734	54
62	308045	54
63	316058	53
64	307546	53
65	315466	52
66	306517	52
67	306827	52
68	306515	52
69	238012	51
70	238033	50
71	319306	50
72	214547	48
73	227455	48
74	238122	48
75	238039	47
76	238008	47
77	270622	47
78	153056	46
79	128708	45
80	197639	45
81	306535	45
82	308049	45
83	270988	45
84	214470	44
85	197706	44
86	307528	44
87	285524	44
88	214520	43
89	128913	43
90	237988	43
91	238017	43
92	237981	43
93	153063	42
94	278915	42
95	310381	42
96	315355	42
97	306973	42
98	311561	41
99	307410	41
100	306552	41
101	315598	41
102	206649	40
103	318423	40
104	312334	40
105	318993	40
106	214721	39
107	318652	39
108	238073	38
109	197696	38
110	238014	38
111	197736	37
112	319315	37
113	309291	36
114	251032	36
115	143322	35
116	214539	35
117	153060	35
118	306753	35
119	214486	35
120	214487	35
121	128458	35
122	311495	35
123	307998	35
124	312222	35
125	307618	34
126	316366	33
127	307084	33
128	278482	32
129	309152	32
130	311712	31
131	129037	31
132	319291	31
133	239089	31
134	278624	31
135	214468	31
136	197732	31
137	306853	31
138	223589	31
139	214528	31
140	214507	30
141	285248	30
142	279035	30
143	214824	30
144	214634	30
145	306860	30
146	214560	30
147	316431	30
148	214598	30
149	307150	30
150	311579	30
151	307269	29
152	307448	29
153	278443	29
154	214571	29
155	310480	29
156	260032	29
157	279019	29
158	278991	29
159	310992	28
160	309766	28
161	133004	28
162	214512	28
163	214780	28
164	214478	28
165	143229	28
166	307782	28
167	317033	28
168	214665	28
169	197537	28
170	239126	27
171	306998	27
172	306613	27
173	128777	27
174	214481	27
175	320353	27
176	319307	27
177	214555	27
178	197477	27
179	128520	27
180	319290	26
181	214655	26
182	307574	26
183	306518	26
184	308412	26
185	306660	26
186	315989	26
187	270116	26
188	214504	26
189	306989	26
190	307022	26
191	306717	26
192	307999	25
193	306648	25
194	99902	25
195	306569	25
196	197943	25
197	320543	25
198	270117	25
199	315148	25
200	307553	25
201	128590	25
202	128673	25
203	143193	24
204	238040	24
205	128789	24
206	307924	24
207	306816	24
208	240441	24
209	310839	24
210	238083	24
211	269838	24
212	240853	24
213	212559	24
214	318215	24
215	175974	24
216	197676	24
217	143641	24
218	309362	24
219	314861	24
220	315167	23
221	214533	23
222	241082	23
223	306677	23
224	214789	23
225	312240	23
226	239801	23
227	279036	23
228	128947	23
229	238075	23
230	307256	23
231	214564	23
232	308565	23
233	176020	23
234	175984	23
235	311875	23
236	176002	23
237	128645	23
238	307632	22
239	197624	22
240	214587	22
241	238007	22
242	307763	22
243	311910	22
244	214531	22
245	188715	22
246	188716	22
247	306905	22
248	312022	22
249	214521	22
250	238046	21
251	318205	21
252	241078	21
253	315537	21
254	320002	21
255	307072	21
256	143265	21
257	197660	21
258	188714	21
259	188713	21
260	310345	21
261	313694	21
262	315580	21
263	132787	21
264	239897	21
265	238037	20
266	306548	20
267	238583	20
268	320350	20
269	320605	20
270	237999	20
271	307282	20
272	214579	20
273	197544	20
274	222983	20
275	175978	20
276	307522	20
277	307065	20
278	307313	19
279	128373	19
280	311913	19
281	128778	19
282	308439	19
283	223729	19
284	153061	19
285	241075	19
286	197585	19
287	214518	19
288	223796	19
289	308673	19
290	307139	19
291	214763	19
292	278520	19
293	308118	19
294	315323	19
295	313755	19
296	318649	19
297	275406	19
298	314959	19
299	214706	19
300	197673	19
301	311876	19
302	175985	19
303	176019	19
304	306748	19
305	188677	19
306	308031	19
307	273347	19
308	307239	18
309	306584	18
310	307788	18
311	214723	18
312	308029	18
313	276816	18
314	214473	18
315	306815	18
316	306918	18
317	311482	18
318	320578	18
319	313502	18
320	314708	18
321	316196	18
322	308870	18
323	214823	18
324	307193	18
325	214543	18
326	143266	18
327	307500	18
328	197566	18
329	313607	18
330	214777	18
331	153295	18
332	308391	18
333	312003	18
334	132781	18
335	314757	18
336	306940	17
337	311575	17
338	306673	17
339	308952	17
340	223738	17
341	197651	17
342	238053	17
343	214632	17
344	119392	17
345	307994	17
346	278476	17
347	197519	17
348	100121	17
349	309082	17
350	320354	17
351	308039	17
352	238131	17
353	312039	17
354	308587	17
355	215024	17
356	311625	17
357	99783	17
358	307783	17
359	320004	17
360	214602	17
361	223627	17
362	238087	17
363	214976	17
364	128326	17
365	318632	17
366	173789	17
367	313034	17
368	197399	17
369	310430	16
370	197784	16
371	311553	16
372	278457	16
373	306578	16
374	308200	16
375	306962	16
376	309587	16
377	280935	16
378	310520	16
379	312271	16
380	308533	16
381	238064	16
382	307465	16
383	270061	16
384	310983	16
385	308026	16
386	308015	16
387	197794	16
388	278741	16
389	197605	16
390	317276	16
391	238114	16
392	238585	16
393	238584	16
394	278486	16
395	214523	16
396	277013	16
397	311888	16
398	213015	16
399	143546	16
400	239130	16
401	315637	16
402	278487	16
403	307572	16
404	175987	16
405	318236	16
406	319301	16
407	143216	16
408	306807	16
409	307166	16
410	307790	15
411	307936	15
412	307516	15
413	308464	15
414	269969	15
415	313600	15
416	188977	15
417	238171	15
418	316405	15
419	306994	15
420	318745	15
421	107223	15
422	107220	15
423	214605	15
424	238113	15
425	214673	15
426	307149	15
427	307315	15
428	241281	15
429	314862	15
430	238096	15
431	318673	15
432	312319	15
433	307057	15
434	307019	15
435	309610	15
436	269931	15
437	308408	15
438	314681	15
439	214566	15
440	214623	15
441	99940	15
442	314873	15
443	306778	15
444	128514	15
445	306839	15
446	313701	15
447	307142	15
448	187736	15
449	279872	15
450	307642	15
451	309793	15
452	307228	15
453	188967	15
454	188961	15
455	188964	15
456	270575	15
457	238788	15
458	237984	14
459	214484	14
460	128914	14
461	281171	14
462	214540	14
463	197845	14
464	238052	14
465	269970	14
466	143279	14
467	307091	14
468	316215	14
469	128818	14
470	316194	14
471	307487	14
472	308532	14
473	238117	14
474	143639	14
475	309087	14
476	310390	14
477	312125	14
478	307557	14
479	238123	14
480	316255	14
481	306954	14
482	214951	14
483	239479	14
484	313762	14
485	312074	14
486	270974	14
487	270001	14
488	213293	14
489	317340	14
490	276823	14
491	306840	14
492	214843	14
493	314926	14
494	311233	14
495	269961	14
496	214554	14
497	306842	14
498	276829	14
499	310539	14
500	276964	14
501	273296	14
502	309781	14
503	198176	14
504	319623	14
505	143189	13
506	317738	13
507	238165	13
508	214480	13
509	312874	13
510	307995	13
511	314933	13
